30, 137
35, 136
40, 0
45, 0
50, 0
55, 0
60, 0
65, 0
70, 0
75, 0
80, 138
85, 137
90, 137
95, 139
100, 138
105, 136
110, 138
115, 137
120, 138
125, 139
130, 0
135, 0
140, 0
145, 0
150, 0
150, 0
145, 0
140, 0
135, 0
130, 0
125, 0
120, 0
115, 138
110, 138
105, 137
100, 137
95, 137
90, 137
85, 138
80, 137
75, 137
70, 137
65, 138
60, 0
55, 0
50, 0
45, 0
40, 0
35, 0
30, 0
30, 0
35, 0
40, 0
45, 0
50, 0
55, 0
60, 0
65, 0
70, 0
75, 0
80, 138
85, 137
90, 137
95, 136
100, 136
105, 137
110, 137
115, 137
120, 137
125, 139
130, 139
135, 0
140, 0
145, 0
150, 0
150, 0
145, 0
140, 0
135, 0
130, 0
125, 0
120, 140
115, 138
110, 137
105, 137
100, 137
95, 138
90, 137
85, 136
80, 138
75, 137
70, 139
65, 139
60, 0
55, 0
50, 0
45, 0
40, 0
35, 0
30, 0
30, 0
35, 0
40, 0
45, 0
50, 0
55, 0
60, 0
65, 0
70, 0
75, 0
80, 138
85, 138
90, 137
95, 137
100, 138
105, 138
110, 137
115, 91
120, 138
125, 139
130, 0
135, 0
140, 0
145, 0
150, 0
150, 0
145, 0
140, 0
135, 0
130, 0
125, 0
120, 0
115, 0
110, 138
105, 137
100, 137
95, 138
90, 137
85, 137
80, 136
75, 138
70, 138
65, 139
60, 0
55, 0
50, 0
45, 0
40, 0
35, 0
30, 0
30, 0
35, 0
40, 0
45, 0
50, 0
55, 0
60, 0
65, 0
70, 0
75, 0
80, 137
85, 138
90, 137
95, 137
100, 137
105, 136
110, 138
115, 138
120, 138
125, 138
130, 0
135, 0
140, 0
145, 0
150, 0
150, 0
145, 0
140, 0
135, 0
130, 0
125, 0
120, 0
115, 139
110, 137
105, 137
100, 137
95, 138
90, 139
85, 138
80, 137
75, 138
70, 138
65, 141
60, 139
55, 0
50, 0
45, 0
40, 0
35, 0
30, 0
30, 0
35, 0
40, 0
45, 0
50, 0
55, 0
60, 0
65, 0
70, 0
75, 0
80, 138
85, 138
90, 137
95, 137
100, 136
105, 138
110, 137
115, 137
120, 138
125, 0
130, 0
135, 0
140, 0
145, 0
150, 0
150, 0
145, 0
140, 0
135, 0
130, 0
125, 0
120, 0
115, 0
110, 138
105, 139
100, 136
95, 136
90, 137
85, 138
80, 137
75, 137
70, 137
65, 140
60, 0
55, 0
50, 0
45, 0
40, 0
35, 0
30, 0
Heading 90.00, deg
Heading 89.29, deg 
Heading 89.29, deg 
Heading 89.54, deg 
Heading 89.54, deg 
Heading 89.47, deg 
Heading 89.47, deg 
Heading 89.76, deg
Heading 89.76, deg 
Heading 89.84, deg 
Heading 89.84, deg
Heading 90.10, deg 
Heading 90.10, deg
Heading 90.50, deg 
Heading 90.50, deg
Heading 90.84, deg 
Heading 90.84, deg 
Heading 90.99, deg 
Heading 90.99, deg 
Heading 91.04, deg 
Heading 91.04, deg 
Heading 91.08, deg 
Heading 91.08, deg 
Heading 91.15, deg 
RPM1 28.50,RPM2 28.50, Counter1 19, Counter2 19, distanceTraveled 19.48
30, 195
35, 195
40, 196
45, 197
50, 0
55, 0
60, 0
65, 0
70, 0
75, 0
80, 118
85, 117
90, 117
95, 117
100, 118
105, 117
110, 119
115, 118
120, 119
125, 182
130, 183
135, 0
140, 0
145, 0
150, 0
150, 0
145, 0
140, 0
135, 0
130, 0
125, 0
120, 183
115, 120
110, 119
105, 118
100, 117
95, 117
90, 118
85, 117
80, 117
75, 117
70, 118
65, 119
60, 0
55, 0
50, 0
45, 0
40, 0
35, 0
30, 197
30, 195
35, 195
40, 196
45, 0
50, 0
55, 0
60, 0
65, 0
70, 0
75, 0
80, 0
85, 118
90, 118
95, 117
100, 117
105, 118
110, 117
115, 72
120, 156
125, 118
130, 182
135, 0
140, 0
145, 0
150, 0
150, 0
145, 0
140, 0
135, 0
130, 0
125, 0
120, 181
115, 118
110, 119
105, 117
100, 117
95, 117
90, 118
85, 117
80, 119
75, 119
70, 121
65, 119
60, 117
55, 0
50, 0
45, 0
40, 0
35, 0
30, 0
30, 195
35, 195
40, 196
45, 0
50, 0
55, 0
60, 0
65, 0
70, 0
75, 119
80, 117
85, 118
90, 118
95, 117
100, 117
105, 117
110, 117
115, 117
120, 118
125, 120
130, 182
135, 0
140, 0
145, 0
150, 0
150, 0
145, 0
140, 0
135, 0
130, 0
125, 0
120, 183
115, 118
110, 183
105, 118
100, 117
95, 117
90, 117
85, 118
80, 118
75, 117
70, 117
65, 121
60, 0
55, 0
50, 0
45, 0
40, 0
35, 0
30, 196
Heading 91.15, deg
Heading 91.36, deg 
Heading 91.36, deg
Heading 91.53, deg 
Heading 91.53, deg
Heading 91.50, deg 
Heading 91.50, deg
Heading 91.50, deg 
Heading 91.50, deg
Heading 91.70, deg 
Heading 91.70, deg
Heading 91.89, deg 
Heading 91.89, deg 
Heading 91.93, deg
Heading 91.93, deg 
Heading 92.21, deg
Heading 92.21, deg 
Heading 92.24, deg
Heading 92.24, deg 
Heading 92.30, deg 
Heading 92.30, deg 
Heading 92.27, deg 
Heading 92.27, deg 
Heading 92.32, deg 
RPM1 30.00,RPM2 28.50, Counter1 20, Counter2 20, distanceTraveled 19.99
30, 195
35, 196
40, 196
45, 0
50, 0
55, 0
60, 0
65, 0
70, 0
75, 0
80, 0
85, 0
90, 0
95, 98
100, 97
105, 99
110, 98
115, 98
120, 99
125, 99
130, 135
135, 137
140, 0
145, 0
150, 0
150, 0
145, 0
140, 0
135, 0
130, 0
125, 135
120, 135
115, 133
110, 135
105, 98
100, 97
95, 99
90, 97
85, 98
80, 98
75, 98
70, 0
65, 0
60, 0
55, 0
50, 0
45, 0
40, 0
35, 0
30, 196
